# This is a new file created for fishy-git example

x <- c(1,3,5,6,8,10)

y <- c(2,4,6)

a <- c(11,12,13)

z <- c(0.5,1.5,2.5)

b <- c(34,65,34)

d <- c(23,46,78)

e <- c(75,325,860)

f <- c(08,34,86)

h <- c(234,974,57)

g <- c(87,243,83)

cat <- c(1)

blah <- c(0)

duckie <- c(1)

funky <- c(1)

