# This is a new file created for fishy-git example

<<<<<<< HEAD
x <- c(1,3,5,6,8,10)


y <- c(2,4,6) 
=======


y <- c(2,4,6)
>>>>>>> d6282d6bc7e33eeb39dc882fc5a88d228858f00a
